6.80375 -2.11234 5.66198 5.9688 8.23295 -6.04897 -3.29554 5.36459 -4.44451 1.0794 -0.452059 2.57742 -2.70431 0.268018 9.04459 8.3239 2.71423 4.34594 -7.16795 2.13938 
-9.67399 -5.14226 -7.25537 6.08354 -6.86642 -1.98111 -7.40419 -7.82382 9.97849 -5.63486 0.258648 6.78224 2.2528 -4.07937 2.75105 0.485744 -0.12834 9.4555 -4.14966 5.42715 
0.5349 5.39828 -1.99543 7.83059 -4.33371 -2.95083 6.15449 8.38053 -8.60489 8.98654 0.519907 -8.27888 -6.15572 3.26454 7.80465 -3.02214 -8.71657 -9.59954 -0.845965 -8.73808 
-5.2344 9.41268 8.04416 7.0184 -4.66669 0.795207 -2.49586 5.20497 0.250707 3.35448 0.632129 -9.21439 -1.24725 8.6367 8.6162 4.41905 -4.31413 4.77069 2.79958 -2.91903 
3.75723 -6.68052 -1.19791 7.6015 6.58402 -3.39326 -5.42064 7.86745 -2.9928 3.7334 9.12937 1.7728 3.14608 7.17353 -1.2088 8.4794 -2.03127 6.29534 3.68437 8.21944 
-0.350187 -5.6835 9.00505 8.40257 -7.0468 7.62124 2.82161 -1.36093 2.39193 -4.37881 5.72004 -3.85084 -1.05933 -5.47787 -6.24934 -4.47531 1.12888 -1.66997 -6.60786 8.13608 
-7.93658 -7.47849 -0.0911187 5.2095 9.69503 8.70008 3.6889 -2.33623 4.99542 -2.62673 -4.11679 -5.35477 1.68977 -5.11175 -6.9522 4.64297 -7.4905 5.86941 -6.71796 4.90143 
-8.5094 9.00208 -8.94941 0.431268 -6.47579 -5.19875 5.95596 4.65309 3.13127 9.3481 2.78917 5.1947 -8.13039 -7.30195 0.404201 -8.43536 -8.60187 -5.9069 -0.771591 6.39355 
1.46637 5.11162 -8.96122 -6.84386 9.99987 -5.91343 7.79911 -7.49063 9.95598 -8.91885 7.4108 -8.55342 -9.91677 8.46138 1.87784 -6.39255 -6.73737 -2.1662 8.26053 6.3939 
-2.81809 1.0497 1.5886 -0.948483 3.74775 -8.0072 0.61616 5.14588 -3.9141 9.84457 1.53942 7.55228 4.95619 2.5782 -9.29158 4.95606 6.66477 8.50753 7.46543 6.62075 
9.58868 4.87622 8.06733 9.67191 3.33761 -0.0548296 -6.72064 6.60024 7.77898 -8.46011 2.99414 -5.03912 2.58959 -5.41726 4.0124 -3.66266 -3.42446 -5.37144 -8.51678 2.66144 
-5.52687 3.02264 0.213719 9.42931 -4.39916 0.922138 4.38537 -7.73439 -0.570331 1.8508 8.88636 -0.981649 -3.27298 6.95369 -1.30973 -9.93537 -3.10114 1.96963 6.66487 -5.32217 
3.50952 -0.340994 -0.361284 -3.90089 4.24175 -6.34888 2.43646 -9.18271 -1.72033 3.91968 3.47873 2.7528 -3.05768 -6.30755 2.18212 2.54316 4.61459 -3.43251 4.80877 -5.95574 
8.41829 3.69513 3.06261 -4.85469 0.648819 -8.24713 -4.79006 7.54768 3.7225 -8.1252 -7.77449 -2.76798 1.53381 1.86423 3.33113 -4.22444 5.51534 -4.23241 -3.40716 -6.20498 
9.68726 -9.92843 6.54782 -3.37042 -6.23598 -1.27006 9.17274 8.37861 5.29743 3.98151 -7.57714 3.71572 -2.32336 5.48547 8.86103 8.32546 7.23834 -5.92904 5.87314 0.960841 
-4.05423 8.09865 8.19286 7.47958 -0.0371215 1.52399 -6.74487 -4.52178 7.29158 -0.152024 -0.726757 6.97884 -0.0804521 -4.17893 -6.39158 3.68357 4.55101 -7.21884 2.06218 -0.151566 
6.76267 4.48504 -6.43585 -5.56069 -0.0294904 -7.57482 -7.23523 -2.79115 -3.50386 8.63791 8.16969 2.44191 6.73656 6.36255 -0.0785116 -3.30057 -2.11346 3.17662 2.17766 -4.82188 
-6.9754 -8.5491 -7.84303 2.94415 -2.72803 -4.23461 -3.37228 -8.17703 -1.45345 8.68989 1.67141 -4.69077 3.17493 5.23556 -0.251463 -6.85456 7.66073 2.51331 0.354294 -5.84313 
1.15121 -1.47601 6.59878 -2.11223 -5.11346 -3.47973 4.5872 2.77308 9.69689 -3.23514 7.95121 -7.27851 -1.78424 -9.89183 5.66564 5.48772 -4.12644 -7.70664 7.3107 4.42012 
-9.01675 -1.0179 9.72934 4.15818 -5.78234 -0.52212 7.30362 -8.12161 -8.00881 -2.34208 -3.96474 3.1424 6.18191 -7.36596 -8.96983 -8.93155 -0.845688 5.61737 3.84153 -1.1488 
