9.35938 -4.07079 -1.94498 -0.432608 -12.2029 -4.56398 -5.01184 -10.3931 -12.0708 -8.40065 -3.25762 -5.69926 -4.337 2.94828 1.50879 
13.5896 2.22329 7.02477 2.08532 -0.363971 -0.976573 -2.39355 11.6962 5.20618 1.22457 -2.57956 -13.5191 2.41191 -8.35659 7.08483 
0 23.4166 5.28469 -7.5436 2.35529 -6.08894 1.02232 0.392371 -5.36102 -2.79135 -1.20256 -0.427866 -4.34273 -3.20536 -0.855123 
0 0 19.2469 0.0810393 1.30533 -1.43551 4.27252 11.0786 2.82008 -1.09141 1.19654 1.75031 -11.535 3.08916 6.19903 
0 0 0 27.0998 -0.947798 -0.927051 -6.79078 3.76303 -1.02487 -5.15122 -3.0926 -3.36402 -5.50933 -6.52621 1.83717 
0 0 0 0 24.2956 7.39852 5.98809 -1.84737 -2.9756 -0.558984 2.22302 -1.58232 -5.89019 -2.15238 -2.22244 
0 0 0 0 0 31.1558 -0.299295 4.6402 -0.658288 -0.60408 0.114553 6.1841 4.81044 2.72732 7.57168 
0 0 0 0 0 0 22.4257 -5.61805 4.90105 1.25375 8.86393 -4.49543 -0.391851 1.87117 -8.1125 
0 0 0 0 0 0 0 19.4052 8.42483 -9.26467 -4.20004 -6.86838 -3.96243 2.36518 -1.74786 
0 0 0 0 0 0 0 0 19.8808 8.37979 -6.41882 -2.45373 -8.9039 -2.58441 -11.2678 
0 0 0 0 0 0 0 0 0 15.5819 8.36929 -5.6598 -4.32885 1.63082 5.97245 
0 0 0 0 0 0 0 0 0 0 19.7609 6.94962 -0.764127 -5.53515 -0.792504 
0 0 0 0 0 0 0 0 0 0 0 19.6817 12.0572 -1.62311 -4.0525 
0 0 0 0 0 0 0 0 0 0 0 0 13.2571 -10.7218 -1.52504 
0 0 0 0 0 0 0 0 0 0 0 0 0 14.1274 8.77599 
